0:00	30	30	30	30
0:10	30	30	30	30
0:20	30	30	30	30
0:30	30	30	30	30
0:40	30	30	30	30
0:50	30	30	30	30
1:00	30	30	30	30
1:10	30	30	30	30
1:20	30	30	30	30
1:30	30	30	30	30
1:40	30	30	30	30
1:50	30	30	30	30
2:00	30	30	30	30
2:10	30	30	30	30
2:20	30	30	30	30
2:30	30	30	30	30
2:40	30	30	30	30
2:50	30	30	30	30
3:00	30	30	30	30
3:10	30	30	30	30
3:20	30	30	30	30
3:30	30	30	30	30
3:40	30	30	30	30
3:50	30	30	30	30
4:00	30	30	30	30
4:10	30	30	30	30
4:20	30	30	30	30
4:30	30	30	30	30
4:40	30	30	30	30
4:50	30	30	30	30
5:00	30	30	30	30
5:10	30	30	30	30
5:20	30	30	30	30
5:30	30	30	30	30
5:40	30	30	30	30
5:50	30	30	30	30
6:00	30	30	30	30
6:10	30	30	30	30
6:20	30	30	30	30
6:30	30	30	30	30
6:40	30	30	30	30
6:50	30	30	30	30
7:00	30	30	30	30
7:10	30	30	30	30
7:20	30	30	30	30
7:30	30	30	30	30
7:40	30	30	30	30
7:50	30	30	30	30
8:00	30	30	30	30
8:10	30	30	30	30
8:20	30	30	30	30
8:30	30	30	30	30
8:40	30	30	30	30
8:50	30	30	30	30
9:00	30	30	30	30
9:10	30	30	30	30
9:20	30	30	30	30
9:30	30	30	30	30
9:40	30	30	30	30
9:50	30	30	30	30
10:00	30	30	30	30
10:10	30	30	30	30
10:20	30	30	30	30
10:30	30	30	30	30
10:40	30	30	30	30
10:50	30	30	30	30
11:00	30	30	30	30
11:10	30	30	30	30
11:20	30	30	30	30
11:30	30	30	30	30
11:40	30	30	30	30
11:50	30	30	30	30
12:00	30	30	30	30
12:10	30	30	30	30
12:20	30	30	30	30
12:30	30	30	30	30
12:40	30	30	30	30
12:50	30	30	30	30
13:00	30	30	30	30
13:10	30	30	30	30
13:20	30	30	30	30
13:30	30	30	30	30
13:32	30.033	30.067	30.044	30.056
13:34	30.067	30.133	30.089	30.111
13:36	30.1	30.2	30.133	30.167
13:38	30.133	30.267	30.178	30.222
13:40	30.167	30.333	30.222	30.278
13:42	30.2	30.4	30.267	30.333
13:44	30.233	30.467	30.311	30.389
13:46	30.267	30.533	30.356	30.444
13:48	30.3	30.6	30.4	30.5
13:50	30.333	30.667	30.444	30.556
13:52	30.367	30.733	30.489	30.611
13:54	30.4	30.8	30.533	30.667
13:56	30.433	30.867	30.578	30.722
13:58	30.467	30.933	30.622	30.778
14:00	30.5	31	30.667	30.833
14:02	30.533	31.067	30.711	30.889
14:04	30.567	31.133	30.756	30.944
14:06	30.6	31.2	30.8	31
14:08	30.633	31.267	30.844	31.056
14:10	30.667	31.333	30.889	31.111
14:12	30.7	31.4	30.933	31.167
14:14	30.733	31.467	30.978	31.222
14:16	30.767	31.533	31.022	31.278
14:18	30.8	31.6	31.067	31.333
14:20	30.833	31.667	31.111	31.389
14:22	30.867	31.733	31.156	31.444
14:24	30.9	31.8	31.2	31.5
14:26	30.933	31.867	31.244	31.556
14:28	30.967	31.933	31.289	31.611
14:30	31	32	31.333	31.667
14:32	31.033	32.067	31.378	31.722
14:34	31.067	32.133	31.422	31.778
14:36	31.1	32.2	31.467	31.833
14:38	31.133	32.267	31.511	31.889
14:40	31.167	32.333	31.556	31.944
14:42	31.2	32.4	31.6	32
14:44	31.233	32.467	31.644	32.056
14:46	31.267	32.533	31.689	32.111
14:48	31.3	32.6	31.733	32.167
14:50	31.333	32.667	31.778	32.222
14:52	31.367	32.733	31.822	32.278
14:54	31.4	32.8	31.867	32.333
14:56	31.433	32.867	31.911	32.389
14:58	31.467	32.933	31.956	32.444
15:00	31.5	33	32	32.5
15:02	31.533	33.067	32.044	32.556
15:04	31.567	33.133	32.089	32.611
15:06	31.6	33.2	32.133	32.667
15:08	31.633	33.267	32.178	32.722
15:10	31.667	33.333	32.222	32.778
15:12	31.7	33.4	32.267	32.833
15:14	31.733	33.467	32.311	32.889
15:16	31.767	33.533	32.356	32.944
15:18	31.8	33.6	32.4	33
15:20	31.833	33.667	32.444	33.056
15:22	31.867	33.733	32.489	33.111
15:24	31.9	33.8	32.533	33.167
15:26	31.933	33.867	32.578	33.222
15:28	31.967	33.933	32.622	33.278
15:30	32	34	32.667	33.333
15:32	32.033	34.067	32.711	33.389
15:34	32.067	34.133	32.756	33.444
15:36	32.1	34.2	32.8	33.5
15:38	32.133	34.267	32.844	33.556
15:40	32.167	34.333	32.889	33.611
15:42	32.2	34.4	32.933	33.667
15:44	32.233	34.467	32.978	33.722
15:46	32.267	34.533	33.022	33.778
15:48	32.3	34.6	33.067	33.833
15:50	32.333	34.667	33.111	33.889
15:52	32.367	34.733	33.156	33.944
15:54	32.4	34.8	33.2	34
15:56	32.433	34.867	33.244	34.056
15:58	32.467	34.933	33.289	34.111
16:00	32.5	35	33.333	34.167
16:02	32.533	35.067	33.378	34.222
16:04	32.567	35.133	33.422	34.278
16:06	32.6	35.2	33.467	34.333
16:08	32.633	35.267	33.511	34.389
16:10	32.667	35.333	33.556	34.444
16:12	32.7	35.4	33.6	34.5
16:14	32.733	35.467	33.644	34.556
16:16	32.767	35.533	33.689	34.611
16:18	32.8	35.6	33.733	34.667
16:20	32.833	35.667	33.778	34.722
16:22	32.867	35.733	33.822	34.778
16:24	32.9	35.8	33.867	34.833
16:26	32.933	35.867	33.911	34.889
16:28	32.967	35.933	33.956	34.944
16:30	33	36	34	35
16:35	33	36	34	35
16:40	33	36	34	35
16:45	33	36	34	35
16:50	33	36	34	35
17:00	33	36	34	35
17:10	33	36	34	35
17:15	33	36	34	35
17:20	33	36	34	35
17:25	33	36	34	35
17:30	33	36	34	35
17:35	33	36	34	35
17:40	33	36	34	35
17:45	33	36	34	35
17:50	33	36	34	35
18:00	33	36	34	35
18:10	33	36	34	35
18:15	33	36	34	35
18:20	33	36	34	35
18:25	33	36	34	35
18:30	33	36	34	35
18:35	33	36	34	35
18:40	33	36	34	35
18:45	33	36	34	35
18:50	33	36	34	35
19:00	33	36	34	35
19:10	33	36	34	35
19:15	33	36	34	35
19:20	33	36	34	35
19:25	33	36	34	35
19:30	33	36	34	35
19:32	32.9	35.8	33.867	34.833
19:34	32.8	35.6	33.733	34.667
19:36	32.7	35.4	33.6	34.5
19:38	32.6	35.2	33.467	34.333
19:40	32.5	35	33.333	34.167
19:42	32.4	34.8	33.2	34
19:44	32.3	34.6	33.067	33.833
19:46	32.2	34.4	32.933	33.667
19:48	32.1	34.2	32.8	33.5
19:50	32	34	32.667	33.333
19:52	31.9	33.8	32.533	33.167
19:54	31.8	33.6	32.4	33
19:56	31.7	33.4	32.267	32.833
19:58	31.6	33.2	32.133	32.667
20:00	31.5	33	32	32.5
20:02	31.4	32.8	31.867	32.333
20:04	31.3	32.6	31.733	32.167
20:06	31.2	32.4	31.6	32
20:08	31.1	32.2	31.467	31.833
20:10	31	32	31.333	31.667
20:12	30.9	31.8	31.2	31.5
20:14	30.8	31.6	31.067	31.333
20:16	30.7	31.4	30.933	31.167
20:18	30.6	31.2	30.8	31
20:20	30.5	31	30.667	30.833
20:22	30.4	30.8	30.533	30.667
20:24	30.3	30.6	30.4	30.5
20:26	30.2	30.4	30.267	30.333
20:28	30.1	30.2	30.133	30.167
20:30	30	30	30	30
20:40	30	30	30	30
20:50	30	30	30	30
21:00	30	30	30	30
21:10	30	30	30	30
21:20	30	30	30	30
21:30	30	30	30	30
21:40	30	30	30	30
21:50	30	30	30	30
22:00	30	30	30	30
22:10	30	30	30	30
22:20	30	30	30	30
22:30	30	30	30	30
22:40	30	30	30	30
22:50	30	30	30	30
23:00	30	30	30	30
23:10	30	30	30	30
23:20	30	30	30	30
23:30	30	30	30	30
23:40	30	30	30	30
23:50	30	30	30	30
