3,22
cw 0,70
cw 1,70
cw 2,70
0,0,AL
1,0,Current
2,0,PAR
0,1,0
1,1,0
2,1,1
0,2,1
1,2,4
2,2,10
0,3,2
1,3,8
2,3,20
0,4,3
1,4,14
2,4,35
0,5,4
1,5,22
2,5,55
0,6,5
1,6,32
2,6,80
0,7,6
1,7,44
2,7,110
0,8,7
1,8,58
2,8,145
0,9,8
1,9,74
2,9,185
0,10,9
1,10,92
2,10,230
0,11,10
1,11,112
2,11,280
0,12,11
1,12,134
2,12,335
0,13,12
1,13,158
2,13,395
0,14,13
1,14,184
2,14,460
0,15,14
1,15,210
2,15,530
0,16,15
1,16,242
2,16,610
0,17,16
1,17,279
2,17,700
0,18,17
1,18,320
2,18,800
0,19,18
1,19,372
2,19,925
0,20,19
1,20,434
2,20,1075
0,21,20
1,21,508
2,21,1250
